328.15000000
0.02961169
0.17971389
0.03610002
0.17973975
0.00650396
0.02527536
0.00475134
0.02722981
328.15000000
0.02477144
0.18204055
0.03564196
0.18182424
0.00677830
0.02481456
0.00209564
0.02786915
328.15000000
0.03489760
0.17695272
0.03558498
0.18202128
0.00576936
0.02623378
0.00460905
0.02707622
328.15000000
0.03840353
0.17012395
0.01629952
0.18208208
0.00623204
0.02533053
0.00281566
0.02748809
328.15000000
0.03412465
0.17776416
0.03562488
0.18206189
0.00648073
0.02526855
0.00473126
0.02697015
328.15000000
0.03928370
0.16940430
0.01534478
0.18218204
0.00600401
0.02483189
0.00241008
0.02725530
328.15000000
0.03960525
0.17328169
0.03285142
0.18205355
0.00497152
0.02657819
0.00493705
0.02682953
328.15000000
0.04881203
0.16115786
0.00619835
0.18201631
0.00356978
0.02579602
0.00415398
0.02666677
328.15000000
0.03785918
0.17485000
0.03391274
0.18223058
0.00792402
0.02570501
0.00453273
0.02714578
328.15000000
0.04944384
0.16007791
0.00551692
0.18227814
0.01122285
0.02417508
0.00326503
0.02670237
328.15000000
0.03904536
0.17378907
0.03305014
0.18219925
0.00491102
0.02552115
0.00429287
0.02681054
328.15000000
0.04846825
0.16139045
0.00660561
0.18229523
0.00290738
0.02692555
0.00513449
0.02669917
328.15000000
0.03917707
0.17404808
0.03351120
0.18222102
0.00277537
0.02672241
0.00522599
0.02681067
328.15000000
0.04217856
0.16673615
0.01080502
0.18217265
0.00345016
0.02648189
0.00524560
0.02673104
328.15000000
0.03874499
0.17385136
0.03334026
0.18218760
0.00304067
0.02581413
0.00423168
0.02711376
328.15000000
0.04941547
0.16027209
0.00569668
0.18216814
0.00284835
0.02678473
0.00478647
0.02664582
328.15000000
0.03905014
0.17369058
0.03320785
0.18218546
0.00432473
0.02643050
0.00483586
0.02664707
328.15000000
0.04878857
0.16112103
0.00643620
0.18227842
0.00312680
0.02680740
0.00512268
0.02697518
328.15000000
0.03956671
0.17330158
0.03282581
0.18216340
0.00451069
0.02669216
0.00486408
0.02646604
328.15000000
0.04899567
0.16077206
0.00601290
0.18226063
0.00317488
0.02668256
0.00542728
0.02728496
328.15000000
0.03759743
0.17526341
0.03450282
0.18234451
0.00298058
0.02628589
0.00409796
0.02750274
328.15000000
0.03518557
0.17283983
0.01638076
0.18242390
0.00458541
0.02642431
0.00389312
0.02701865
328.15000000
0.03110924
0.18002634
0.03742543
0.18245645
0.00524482
0.02514746
0.00276229
0.02682326
328.15000000
0.04916992
0.16055429
0.00598469
0.18232706
0.00307921
0.02703534
0.00451481
0.02743040
328.15000000
0.03873569
0.17491316
0.03441288
0.18243487
0.00369459
0.02726864
0.00422162
0.02729367
328.15000000
0.04010026
0.16888969
0.01289530
0.18250595
0.00293693
0.02814672
0.00508731
0.02777188
328.15000000
0.02871074
0.18131419
0.03755879
0.18244472
0.00607953
0.02522501
0.00288651
0.02704530
328.15000000
0.02600157
0.17954852
0.02691742
0.18247985
0.00712438
0.02702772
0.00466825
0.02753908
328.15000000
0.03179353
0.17990168
0.03729212
0.18246901
0.00640608
0.02701286
0.00342700
0.02761118
328.15000000
0.02668417
0.17918562
0.02611094
0.18252728
0.00613313
0.02736658
0.00372646
0.02742523
328.15000000
0.02684888
0.18220903
0.03733114
0.18245506
0.00570978
0.02553708
0.00247969
0.02709403
328.15000000
0.02635361
0.18131567
0.03339172
0.18252975
0.00659487
0.02542811
0.00512937
0.02744613
328.15000000
0.02645089
0.18032793
0.02954759
0.18252833
0.00609509
0.02561548
0.00127916
0.02725725
328.15000000
0.03728267
0.17635688
0.03523095
0.18257468
0.00499778
0.02587362
0.00430270
0.02724216
328.15000000
0.04202116
0.16782969
0.01359331
0.18252344
0.00606366
0.02559680
0.00316861
0.02737410
328.15000000
0.03698154
0.17624139
0.03517395
0.18260400
0.00598190
0.02554096
0.00392985
0.02714293
328.15000000
0.04247227
0.16750365
0.01319810
0.18266382
0.00511188
0.02525674
0.00329991
0.02730821
